-5000
-4999
-4996
-4989
-4987
-4985
-4980
-4978
-4974
-4943
-4941
-4940
-4938
-4934
-4925
-4923
-4921
-4919
-4916
-4910
-4905
-4896
-4887
-4886
-4883
-4881
-4875
-4873
-4872
-4871
-4869
-4867
-4857
-4853
-4844
-4842
-4841
-4838
-4833
-4827
-4825
-4818
-4815
-4810
-4809
-4806
-4804
-4799
-4786
-4781
-4779
-4778
-4774
-4769
-4757
-4752
-4750
-4736
-4734
-4724
-4722
-4721
-4717
-4706
-4703
-4698
-4694
-4661
-4651
-4650
-4648
-4647
-4644
-4637
-4636
-4627
-4624
-4620
-4618
-4615
-4614
-4613
-4611
-4604
-4593
-4592
-4589
-4586
-4584
-4583
-4581
-4576
-4574
-4572
-4566
-4563
-4561
-4559
-4555
-4554
-4551
-4549
-4544
-4541
-4537
-4531
-4529
-4524
-4518
-4516
-4515
-4514
-4508
-4507
-4505
-4497
-4489
-4486
-4480
-4471
-4470
-4465
-4460
-4457
-4450
-4446
-4437
-4435
-4433
-4432
-4430
-4422
-4421
-4420
-4418
-4409
-4407
-4404
-4400
-4393
-4390
-4384
-4380
-4374
-4373
-4370
-4367
-4362
-4361
-4360
-4359
-4358
-4357
-4355
-4347
-4346
-4345
-4342
-4341
-4337
-4326
-4322
-4320
-4318
-4317
-4313
-4312
-4310
-4306
-4297
-4290
-4289
-4287
-4286
-4284
-4280
-4267
-4266
-4264
-4259
-4257
-4252
-4251
-4248
-4244
-4242
-4241
-4240
-4237
-4232
-4226
-4216
-4215
-4212
-4208
-4199
-4192
-4189
-4188
-4181
-4180
-4178
-4171
-4159
-4156
-4155
-4147
-4143
-4141
-4136
-4131
-4129
-4125
-4123
-4113
-4106
-4105
-4101
-4094
-4092
-4088
-4087
-4083
-4075
-4072
-4071
-4065
-4063
-4060
-4057
-4052
-4049
-4048
-4043
-4040
-4037
-4033
-4026
-4024
-4020
-4018
-4016
-4015
-4014
-4013
-4012
-4011
-4010
-4005
-4000
-3997
-3996
-3984
-3974
-3969
-3966
-3964
-3959
-3957
-3955
-3954
-3949
-3945
-3942
-3936
-3932
-3929
-3925
-3922
-3921
-3920
-3910
-3909
-3905
-3894
-3891
-3879
-3876
-3875
-3873
-3872
-3867
-3865
-3863
-3860
-3850
-3849
-3845
-3844
-3832
-3831
-3827
-3820
-3817
-3813
-3804
-3802
-3801
-3798
-3792
-3787
-3778
-3777
-3776
-3774
-3762
-3760
-3756
-3753
-3751
-3750
-3749
-3748
-3743
-3742
-3739
-3737
-3735
-3734
-3729
-3728
-3726
-3725
-3723
-3719
-3716
-3705
-3703
-3698
-3696
-3693
-3684
-3682
-3675
-3672
-3670
-3660
-3659
-3657
-3652
-3638
-3636
-3633
-3630
-3620
-3617
-3610
-3607
-3606
-3602
-3592
-3589
-3587
-3585
-3578
-3575
-3568
-3567
-3553
-3551
-3550
-3549
-3546
-3532
-3526
-3524
-3522
-3520
-3512
-3501
-3497
-3495
-3492
-3485
-3483
-3479
-3473
-3472
-3471
-3470
-3465
-3462
-3461
-3460
-3457
-3453
-3451
-3445
-3444
-3440
-3437
-3433
-3430
-3427
-3426
-3425
-3423
-3422
-3409
-3408
-3404
-3401
-3400
-3395
-3390
-3387
-3385
-3373
-3371
-3370
-3360
-3356
-3352
-3349
-3348
-3347
-3342
-3336
-3332
-3329
-3328
-3324
-3320
-3318
-3311
-3308
-3306
-3295
-3293
-3292
-3287
-3285
-3276
-3275
-3273
-3272
-3270
-3266
-3265
-3264
-3262
-3256
-3254
-3250
-3249
-3247
-3244
-3240
-3233
-3231
-3230
-3229
-3221
-3219
-3212
-3211
-3203
-3200
-3196
-3190
-3186
-3183
-3182
-3180
-3170
-3168
-3162
-3154
-3150
-3149
-3146
-3142
-3139
-3135
-3133
-3129
-3125
-3121
-3120
-3114
-3113
-3110
-3109
-3104
-3087
-3085
-3075
-3070
-3066
-3061
-3055
-3053
-3051
-3049
-3043
-3040
-3032
-3031
-3026
-3023
-3017
-3015
-3011
-3010
-3005
-3004
-3000
-2999
-2992
-2989
-2988
-2984
-2975
-2970
-2969
-2967
-2965
-2956
-2953
-2951
-2949
-2947
-2944
-2938
-2933
-2929
-2927
-2922
-2919
-2914
-2904
-2901
-2900
-2898
-2897
-2896
-2894
-2892
-2887
-2886
-2884
-2882
-2879
-2876
-2873
-2869
-2868
-2867
-2863
-2857
-2854
-2845
-2844
-2843
-2842
-2840
-2837
-2829
-2827
-2822
-2819
-2815
-2809
-2808
-2807
-2802
-2800
-2794
-2792
-2791
-2784
-2783
-2765
-2760
-2756
-2753
-2745
-2744
-2741
-2736
-2721
-2720
-2716
-2707
-2705
-2703
-2701
-2698
-2695
-2694
-2693
-2690
-2681
-2676
-2673
-2672
-2665
-2661
-2659
-2656
-2654
-2651
-2650
-2648
-2640
-2638
-2635
-2634
-2633
-2629
-2624
-2623
-2622
-2620
-2619
-2609
-2603
-2596
-2586
-2582
-2578
-2577
-2576
-2575
-2573
-2560
-2557
-2556
-2554
-2548
-2543
-2541
-2537
-2535
-2530
-2529
-2524
-2522
-2520
-2518
-2510
-2503
-2502
-2492
-2491
-2488
-2487
-2485
-2484
-2480
-2472
-2467
-2459
-2458
-2456
-2453
-2450
-2449
-2448
-2445
-2441
-2438
-2433
-2432
-2424
-2423
-2414
-2399
-2396
-2389
-2388
-2383
-2376
-2369
-2364
-2354
-2341
-2339
-2335
-2334
-2327
-2323
-2321
-2320
-2318
-2316
-2312
-2311
-2301
-2297
-2293
-2290
-2289
-2286
-2280
-2272
-2268
-2267
-2265
-2261
-2258
-2246
-2234
-2233
-2231
-2230
-2227
-2225
-2223
-2219
-2218
-2216
-2215
-2211
-2210
-2208
-2200
-2199
-2190
-2182
-2174
-2173
-2170
-2167
-2162
-2160
-2147
-2146
-2137
-2131
-2126
-2123
-2122
-2120
-2118
-2113
-2112
-2107
-2104
-2103
-2102
-2094
-2093
-2090
-2086
-2084
-2078
-2076
-2072
-2067
-2063
-2055
-2052
-2051
-2049
-2048
-2046
-2041
-2034
-2032
-2031
-2022
-2021
-2012
-2000
-1991
-1987
-1984
-1982
-1979
-1975
-1967
-1965
-1956
-1952
-1951
-1946
-1936
-1935
-1933
-1930
-1929
-1920
-1916
-1905
-1903
-1900
-1886
-1881
-1880
-1870
-1866
-1865
-1864
-1852
-1851
-1846
-1837
-1835
-1833
-1829
-1824
-1823
-1821
-1817
-1809
-1803
-1801
-1793
-1792
-1785
-1782
-1778
-1765
-1764
-1762
-1761
-1759
-1757
-1756
-1755
-1754
-1752
-1747
-1741
-1739
-1738
-1737
-1736
-1732
-1731
-1728
-1725
-1721
-1720
-1719
-1713
-1712
-1704
-1703
-1699
-1693
-1688
-1678
-1674
-1673
-1670
-1669
-1667
-1659
-1654
-1649
-1648
-1646
-1645
-1643
-1642
-1641
-1636
-1635
-1628
-1627
-1626
-1621
-1620
-1618
-1611
-1608
-1596
-1595
-1592
-1591
-1590
-1589
-1583
-1579
-1575
-1572
-1569
-1568
-1567
-1566
-1562
-1558
-1548
-1546
-1545
-1543
-1537
-1535
-1524
-1518
-1508
-1503
-1500
-1498
-1494
-1493
-1491
-1489
-1487
-1484
-1482
-1478
-1476
-1471
-1467
-1462
-1451
-1449
-1448
-1435
-1432
-1429
-1426
-1421
-1405
-1400
-1399
-1394
-1392
-1391
-1385
-1382
-1375
-1373
-1372
-1371
-1370
-1369
-1354
-1348
-1345
-1340
-1333
-1332
-1331
-1330
-1328
-1326
-1325
-1323
-1322
-1321
-1317
-1316
-1314
-1313
-1312
-1310
-1309
-1294
-1292
-1291
-1287
-1284
-1283
-1271
-1270
-1267
-1257
-1253
-1245
-1244
-1240
-1239
-1236
-1235
-1232
-1217
-1202
-1200
-1199
-1198
-1195
-1189
-1186
-1185
-1184
-1181
-1173
-1169
-1168
-1166
-1163
-1156
-1151
-1147
-1138
-1137
-1133
-1132
-1130
-1129
-1128
-1127
-1124
-1123
-1122
-1121
-1115
-1114
-1105
-1102
-1099
-1095
-1094
-1081
-1079
-1073
-1072
-1071
-1063
-1060
-1058
-1057
-1055
-1053
-1052
-1048
-1047
-1037
-1032
-1025
-1004
-989
-986
-978
-970
-967
-965
-959
-958
-957
-952
-951
-950
-938
-935
-929
-927
-926
-923
-920
-917
-915
-912
-909
-907
-904
-903
-901
-897
-896
-890
-887
-884
-878
-876
-875
-873
-872
-869
-862
-857
-851
-847
-844
-837
-832
-827
-826
-823
-817
-815
-813
-810
-805
-804
-799
-795
-789
-786
-779
-778
-777
-770
-766
-761
-755
-754
-747
-742
-739
-727
-722
-719
-712
-709
-707
-706
-699
-694
-693
-686
-685
-681
-679
-675
-674
-673
-665
-663
-659
-657
-654
-643
-641
-629
-625
-622
-620
-619
-615
-612
-611
-605
-597
-592
-586
-582
-581
-573
-572
-571
-568
-566
-565
-561
-558
-557
-554
-553
-546
-544
-530
-525
-520
-518
-516
-510
-501
-498
-497
-492
-491
-490
-486
-484
-478
-477
-476
-475
-474
-469
-468
-467
-466
-461
-460
-458
-451
-447
-443
-441
-438
-430
-427
-422
-421
-416
-413
-412
-411
-409
-407
-404
-399
-393
-391
-388
-380
-379
-377
-373
-372
-371
-365
-363
-356
-353
-349
-348
-345
-341
-337
-331
-320
-319
-315
-312
-310
-309
-305
-302
-291
-287
-285
-280
-278
-277
-269
-262
-261
-260
-257
-254
-245
-244
-243
-236
-234
-228
-224
-213
-203
-202
-198
-197
-195
-193
-179
-177
-176
-160
-159
-158
-149
-144
-141
-140
-131
-128
-124
-118
-112
-110
-109
-107
-101
-97
-96
-89
-87
-82
-76
-75
-71
-65
-61
-53
-51
-48
-45
-42
-35
-33
-29
-20
-13
-11
-10
-7
-6
-4
-2
-1
5
9
13
14
16
29
36
38
43
44
45
48
52
53
56
58
59
60
63
68
72
73
74
78
84
87
113
115
116
129
133
135
138
141
150
156
157
160
163
166
170
173
178
185
191
194
200
201
203
214
215
216
217
218
224
226
236
239
243
244
248
249
252
260
265
269
270
277
281
284
287
293
299
307
311
312
314
321
324
327
333
334
346
347
351
353
356
359
364
368
370
377
378
380
382
390
399
408
410
418
421
422
428
431
435
437
439
440
442
448
449
453
456
460
462
465
466
479
480
483
487
488
494
497
501
502
504
507
510
512
517
523
524
528
534
539
540
542
547
552
553
557
565
569
572
575
579
581
583
589
592
596
601
602
609
610
611
613
614
618
621
625
628
629
634
638
639
642
644
646
652
657
662
664
667
676
677
679
682
683
684
689
696
701
702
705
706
707
710
717
718
720
721
722
728
729
734
736
738
745
746
748
749
756
763
770
777
780
781
783
788
791
797
802
804
806
811
814
821
829
835
844
845
847
848
855
858
860
863
866
875
876
878
879
882
899
902
906
916
919
920
921
922
934
937
945
946
948
954
955
957
959
962
969
979
981
982
986
989
995
1005
1007
1008
1015
1018
1020
1021
1024
1027
1033
1035
1036
1045
1047
1052
1060
1064
1069
1070
1093
1095
1096
1106
1110
1113
1115
1117
1119
1122
1124
1127
1135
1146
1147
1151
1161
1164
1165
1167
1169
1176
1178
1179
1183
1189
1192
1196
1197
1204
1207
1208
1215
1233
1234
1239
1242
1243
1250
1251
1271
1275
1277
1291
1295
1300
1305
1310
1321
1334
1335
1340
1347
1349
1350
1351
1353
1354
1356
1358
1359
1363
1367
1371
1376
1378
1381
1382
1386
1390
1410
1412
1419
1421
1427
1429
1438
1441
1445
1447
1452
1462
1477
1485
1486
1488
1490
1492
1493
1495
1503
1511
1513
1515
1527
1530
1531
1532
1533
1546
1554
1559
1564
1567
1568
1571
1573
1579
1583
1587
1588
1591
1595
1596
1607
1609
1610
1612
1613
1615
1620
1621
1627
1629
1638
1644
1655
1656
1660
1662
1664
1670
1673
1674
1675
1676
1677
1685
1691
1692
1695
1696
1697
1698
1704
1707
1711
1717
1730
1732
1738
1740
1741
1747
1750
1753
1755
1761
1767
1777
1779
1781
1783
1784
1785
1791
1792
1794
1796
1798
1802
1805
1806
1808
1810
1811
1816
1825
1828
1830
1835
1836
1837
1856
1864
1871
1875
1876
1877
1878
1891
1901
1903
1907
1908
1915
1922
1923
1929
1931
1932
1937
1943
1952
1955
1957
1961
1967
1969
1973
1975
1984
1993
1996
1999
2011
2012
2023
2024
2025
2029
2035
2036
2038
2040
2044
2046
2050
2051
2052
2053
2054
2055
2068
2074
2075
2077
2078
2079
2080
2082
2083
2094
2097
2099
2103
2108
2110
2116
2124
2125
2128
2132
2138
2142
2144
2145
2147
2149
2153
2156
2159
2174
2179
2183
2185
2189
2191
2192
2199
2201
2203
2204
2206
2208
2209
2210
2211
2212
2213
2223
2224
2225
2227
2228
2231
2232
2244
2245
2246
2250
2255
2259
2260
2266
2270
2273
2276
2282
2283
2292
2296
2306
2323
2324
2325
2329
2330
2331
2332
2342
2343
2348
2352
2355
2359
2362
2364
2374
2376
2381
2383
2384
2390
2392
2393
2398
2400
2405
2406
2409
2410
2411
2413
2414
2415
2434
2444
2450
2456
2487
2488
2489
2490
2496
2497
2498
2499
2500
2512
2517
2522
2527
2532
2535
2539
2541
2543
2548
2554
2556
2557
2558
2561
2563
2576
2577
2579
2587
2590
2591
2592
2595
2596
2604
2607
2611
2616
2619
2630
2634
2636
2642
2646
2657
2658
2660
2661
2666
2668
2674
2680
2681
2692
2698
2703
2704
2711
2712
2713
2732
2746
2749
2750
2752
2755
2758
2759
2775
2788
2791
2795
2807
2809
2815
2816
2824
2833
2839
2843
2847
2853
2855
2856
2859
2866
2872
2877
2881
2882
2884
2895
2902
2904
2906
2917
2921
2929
2931
2943
2944
2945
2950
2960
2976
2979
2982
2986
2990
2992
2993
2994
2999
3005
3006
3007
3014
3019
3025
3029
3030
3042
3044
3056
3057
3075
3076
3089
3090
3091
3097
3098
3100
3102
3103
3104
3116
3118
3123
3129
3130
3133
3134
3139
3158
3159
3160
3161
3165
3166
3167
3168
3171
3174
3175
3177
3184
3185
3187
3197
3199
3201
3206
3209
3210
3212
3216
3219
3231
3233
3235
3242
3243
3245
3246
3258
3259
3261
3264
3267
3270
3275
3276
3279
3283
3292
3300
3301
3304
3306
3314
3324
3325
3326
3328
3345
3348
3349
3350
3351
3354
3355
3360
3361
3363
3365
3371
3377
3390
3393
3400
3410
3412
3413
3417
3419
3421
3423
3437
3440
3447
3450
3451
3457
3466
3468
3469
3470
3477
3484
3489
3501
3502
3505
3509
3513
3514
3517
3531
3535
3538
3544
3545
3547
3549
3553
3554
3555
3560
3562
3568
3571
3577
3588
3593
3597
3604
3606
3613
3616
3619
3624
3625
3629
3631
3633
3635
3637
3640
3643
3647
3651
3652
3653
3656
3657
3659
3661
3665
3667
3668
3670
3674
3675
3676
3678
3683
3691
3702
3707
3710
3711
3719
3721
3723
3730
3731
3735
3736
3743
3746
3748
3751
3753
3754
3764
3765
3770
3777
3780
3786
3792
3793
3796
3803
3806
3812
3813
3814
3816
3819
3820
3822
3830
3831
3832
3834
3836
3840
3842
3843
3846
3849
3858
3860
3862
3869
3877
3884
3892
3896
3897
3899
3900
3902
3904
3905
3906
3907
3908
3909
3910
3912
3913
3915
3923
3937
3940
3946
3948
3968
3985
3992
3993
4000
4001
4004
4005
4009
4010
4013
4014
4015
4022
4023
4033
4034
4035
4041
4043
4044
4046
4050
4053
4058
4062
4063
4070
4073
4078
4081
4091
4098
4100
4120
4128
4133
4137
4138
4140
4148
4151
4154
4160
4172
4180
4185
4187
4202
4211
4214
4215
4217
4223
4224
4225
4230
4231
4232
4242
4244
4246
4249
4254
4256
4262
4264
4272
4273
4274
4278
4283
4285
4287
4288
4295
4300
4303
4311
4314
4320
4323
4326
4327
4329
4333
4334
4340
4341
4365
4372
4377
4378
4387
4389
4390
4392
4395
4396
4397
4402
4404
4408
4412
4416
4421
4425
4433
4444
4447
4463
4464
4474
4478
4482
4487
4494
4496
4520
4523
4525
4526
4529
4536
4538
4540
4542
4547
4552
4556
4558
4562
4576
4582
4583
4588
4594
4600
4602
4613
4614
4615
4620
4624
4629
4631
4633
4638
4643
4645
4647
4649
4654
4656
4658
4660
4661
4682
4689
4693
4695
4699
4701
4702
4705
4706
4715
4717
4728
4729
4745
4747
4749
4756
4760
4766
4770
4773
4778
4779
4780
4784
4787
4788
4792
4794
4795
4799
4801
4810
4811
4813
4814
4825
4829
4831
4833
4835
4841
4844
4845
4847
4848
4868
4870
4875
4880
4884
4886
4901
4903
4904
4906
4908
4910
4914
4918
4919
4921
4932
4938
4939
4942
4948
4953
4959
4961
4966
4967
4969
4977
4981
4987
4998
