-4997
-4994
-4990
-4986
-4975
-4972
-4970
-4969
-4966
-4957
-4956
-4951
-4948
-4946
-4944
-4943
-4942
-4940
-4928
-4925
-4922
-4916
-4909
-4906
-4905
-4904
-4903
-4901
-4900
-4896
-4893
-4885
-4882
-4878
-4875
-4871
-4862
-4854
-4850
-4843
-4835
-4832
-4825
-4822
-4821
-4820
-4807
-4801
-4793
-4789
-4788
-4783
-4782
-4775
-4768
-4767
-4766
-4765
-4762
-4759
-4755
-4754
-4752
-4750
-4748
-4744
-4743
-4738
-4737
-4735
-4734
-4731
-4727
-4721
-4712
-4710
-4701
-4697
-4696
-4695
-4688
-4687
-4686
-4680
-4678
-4677
-4668
-4658
-4656
-4650
-4645
-4644
-4636
-4634
-4633
-4631
-4629
-4628
-4617
-4610
-4602
-4600
-4598
-4589
-4588
-4581
-4574
-4570
-4564
-4563
-4562
-4554
-4540
-4538
-4529
-4525
-4523
-4519
-4518
-4516
-4515
-4513
-4512
-4509
-4507
-4506
-4504
-4502
-4494
-4493
-4490
-4489
-4486
-4484
-4478
-4477
-4476
-4473
-4468
-4463
-4459
-4457
-4454
-4452
-4450
-4443
-4440
-4437
-4436
-4424
-4414
-4408
-4405
-4398
-4397
-4396
-4394
-4392
-4391
-4390
-4386
-4384
-4379
-4373
-4370
-4369
-4366
-4360
-4351
-4348
-4344
-4342
-4340
-4337
-4336
-4334
-4331
-4326
-4303
-4299
-4298
-4288
-4278
-4267
-4255
-4252
-4251
-4249
-4248
-4247
-4236
-4235
-4230
-4222
-4219
-4208
-4207
-4201
-4192
-4189
-4187
-4182
-4178
-4169
-4164
-4160
-4159
-4157
-4155
-4148
-4143
-4140
-4135
-4134
-4133
-4132
-4130
-4129
-4126
-4114
-4108
-4107
-4103
-4099
-4098
-4097
-4089
-4084
-4083
-4080
-4079
-4076
-4070
-4066
-4062
-4061
-4055
-4053
-4048
-4037
-4034
-4033
-4030
-4024
-4023
-4019
-4016
-4012
-4006
-4005
-4002
-3999
-3995
-3991
-3989
-3977
-3965
-3959
-3952
-3949
-3947
-3944
-3937
-3934
-3926
-3925
-3917
-3916
-3911
-3909
-3906
-3904
-3901
-3898
-3896
-3888
-3877
-3867
-3864
-3863
-3859
-3843
-3836
-3835
-3832
-3830
-3829
-3825
-3824
-3815
-3810
-3799
-3790
-3788
-3783
-3782
-3781
-3779
-3765
-3764
-3763
-3762
-3761
-3759
-3751
-3748
-3741
-3734
-3729
-3719
-3715
-3710
-3709
-3706
-3703
-3690
-3677
-3675
-3667
-3663
-3656
-3655
-3652
-3649
-3643
-3642
-3639
-3637
-3632
-3625
-3624
-3619
-3613
-3609
-3607
-3603
-3599
-3594
-3592
-3588
-3587
-3583
-3579
-3578
-3576
-3574
-3573
-3553
-3551
-3544
-3543
-3542
-3532
-3529
-3525
-3523
-3520
-3517
-3515
-3513
-3509
-3505
-3500
-3493
-3490
-3488
-3486
-3485
-3484
-3480
-3476
-3474
-3472
-3471
-3466
-3462
-3459
-3451
-3449
-3447
-3445
-3443
-3441
-3440
-3431
-3421
-3420
-3419
-3417
-3413
-3405
-3398
-3395
-3386
-3384
-3380
-3378
-3375
-3372
-3371
-3368
-3367
-3365
-3363
-3361
-3358
-3354
-3352
-3351
-3349
-3345
-3338
-3331
-3329
-3326
-3319
-3318
-3316
-3311
-3308
-3292
-3290
-3282
-3278
-3275
-3273
-3271
-3270
-3253
-3250
-3248
-3244
-3239
-3237
-3236
-3235
-3230
-3216
-3213
-3212
-3208
-3207
-3205
-3203
-3193
-3192
-3191
-3189
-3188
-3187
-3183
-3179
-3176
-3172
-3167
-3166
-3162
-3161
-3157
-3156
-3155
-3146
-3144
-3141
-3136
-3135
-3132
-3127
-3125
-3110
-3103
-3101
-3100
-3097
-3096
-3095
-3093
-3088
-3087
-3078
-3075
-3065
-3062
-3060
-3057
-3056
-3053
-3049
-3048
-3044
-3039
-3031
-3028
-3027
-3020
-3015
-3010
-3006
-3001
-2997
-2993
-2986
-2983
-2982
-2979
-2966
-2963
-2959
-2955
-2951
-2934
-2932
-2921
-2914
-2913
-2908
-2907
-2901
-2900
-2899
-2898
-2897
-2893
-2892
-2887
-2879
-2873
-2871
-2861
-2860
-2853
-2851
-2846
-2824
-2820
-2811
-2810
-2804
-2796
-2788
-2787
-2780
-2778
-2777
-2772
-2768
-2762
-2757
-2756
-2755
-2753
-2741
-2739
-2734
-2726
-2722
-2721
-2714
-2707
-2703
-2701
-2699
-2689
-2688
-2683
-2680
-2679
-2675
-2673
-2670
-2668
-2658
-2656
-2655
-2651
-2648
-2647
-2646
-2637
-2632
-2631
-2629
-2628
-2616
-2613
-2610
-2604
-2596
-2593
-2588
-2585
-2583
-2580
-2576
-2574
-2572
-2571
-2569
-2562
-2561
-2557
-2556
-2554
-2549
-2543
-2541
-2539
-2533
-2531
-2530
-2525
-2521
-2520
-2515
-2510
-2505
-2495
-2490
-2485
-2473
-2472
-2471
-2469
-2466
-2465
-2464
-2455
-2454
-2453
-2433
-2432
-2419
-2416
-2409
-2408
-2400
-2396
-2395
-2392
-2386
-2383
-2381
-2379
-2373
-2371
-2367
-2366
-2364
-2363
-2361
-2345
-2339
-2338
-2336
-2334
-2333
-2326
-2319
-2316
-2314
-2313
-2311
-2308
-2303
-2301
-2298
-2297
-2296
-2295
-2292
-2291
-2283
-2276
-2272
-2269
-2264
-2262
-2261
-2260
-2254
-2246
-2244
-2233
-2232
-2231
-2228
-2220
-2218
-2212
-2206
-2203
-2202
-2200
-2187
-2180
-2164
-2160
-2158
-2148
-2143
-2134
-2133
-2125
-2123
-2122
-2120
-2111
-2108
-2099
-2098
-2097
-2093
-2092
-2088
-2085
-2083
-2082
-2076
-2075
-2070
-2068
-2067
-2063
-2057
-2047
-2041
-2035
-2026
-2022
-2020
-2019
-2014
-2011
-2009
-2007
-1999
-1994
-1993
-1991
-1984
-1982
-1981
-1976
-1973
-1966
-1961
-1956
-1955
-1950
-1946
-1941
-1939
-1932
-1931
-1930
-1929
-1926
-1923
-1918
-1905
-1903
-1900
-1894
-1893
-1890
-1885
-1883
-1882
-1870
-1864
-1862
-1859
-1858
-1853
-1848
-1835
-1830
-1824
-1823
-1820
-1819
-1808
-1806
-1804
-1803
-1801
-1789
-1787
-1785
-1775
-1772
-1771
-1759
-1758
-1756
-1755
-1753
-1752
-1746
-1737
-1736
-1729
-1728
-1717
-1712
-1703
-1695
-1694
-1688
-1686
-1680
-1677
-1665
-1659
-1653
-1652
-1651
-1649
-1644
-1643
-1642
-1641
-1638
-1632
-1631
-1617
-1608
-1604
-1603
-1602
-1601
-1593
-1586
-1576
-1560
-1553
-1546
-1541
-1540
-1538
-1531
-1529
-1526
-1525
-1514
-1513
-1505
-1499
-1498
-1494
-1489
-1479
-1473
-1465
-1457
-1456
-1452
-1450
-1443
-1438
-1435
-1434
-1426
-1418
-1413
-1411
-1400
-1399
-1397
-1395
-1387
-1385
-1379
-1377
-1375
-1373
-1372
-1368
-1358
-1355
-1349
-1348
-1347
-1344
-1338
-1337
-1333
-1327
-1322
-1320
-1319
-1314
-1312
-1304
-1301
-1299
-1295
-1293
-1290
-1283
-1278
-1275
-1271
-1269
-1267
-1261
-1259
-1257
-1253
-1252
-1250
-1243
-1242
-1239
-1237
-1236
-1230
-1225
-1223
-1221
-1220
-1216
-1213
-1209
-1207
-1206
-1201
-1200
-1198
-1191
-1188
-1184
-1183
-1182
-1180
-1179
-1171
-1168
-1161
-1153
-1149
-1147
-1146
-1142
-1138
-1137
-1136
-1132
-1130
-1126
-1125
-1122
-1118
-1113
-1110
-1108
-1106
-1104
-1096
-1091
-1085
-1077
-1076
-1075
-1072
-1067
-1065
-1062
-1058
-1055
-1048
-1047
-1043
-1041
-1040
-1037
-1028
-1027
-1017
-1015
-1014
-1010
-1007
-1003
-999
-996
-995
-994
-991
-990
-982
-978
-977
-972
-970
-964
-962
-960
-954
-952
-949
-945
-942
-939
-936
-932
-926
-925
-916
-907
-904
-902
-901
-899
-897
-895
-894
-893
-892
-891
-885
-884
-875
-869
-867
-866
-858
-856
-843
-831
-825
-814
-812
-811
-802
-796
-794
-790
-785
-776
-774
-773
-770
-769
-767
-766
-761
-760
-756
-750
-748
-743
-741
-738
-731
-730
-722
-721
-720
-719
-717
-713
-711
-700
-694
-692
-678
-674
-671
-670
-668
-666
-664
-662
-656
-650
-644
-640
-635
-634
-629
-612
-608
-605
-601
-600
-597
-593
-588
-586
-584
-583
-579
-577
-576
-574
-572
-568
-561
-558
-557
-552
-551
-550
-549
-544
-541
-539
-537
-531
-528
-522
-517
-510
-504
-498
-495
-493
-488
-485
-480
-474
-473
-472
-471
-468
-467
-465
-463
-456
-455
-445
-442
-435
-434
-426
-419
-412
-411
-409
-401
-398
-396
-395
-391
-388
-378
-377
-371
-364
-362
-360
-358
-355
-354
-353
-350
-348
-346
-343
-341
-339
-337
-334
-333
-328
-321
-318
-316
-314
-310
-305
-303
-301
-299
-293
-289
-286
-285
-276
-274
-273
-271
-267
-264
-263
-259
-257
-256
-254
-251
-250
-248
-242
-238
-230
-228
-227
-226
-218
-209
-205
-204
-201
-199
-192
-187
-184
-177
-173
-172
-170
-169
-166
-160
-157
-147
-139
-132
-128
-123
-119
-117
-114
-107
-91
-76
-72
-67
-61
-60
-59
-58
-54
-53
-50
-47
-45
-41
-39
-32
-31
-30
-27
-12
-11
-8
-7
-6
-1
9
11
12
13
18
20
22
23
27
33
37
38
40
43
51
52
53
54
55
56
61
69
78
80
82
83
84
94
100
105
108
112
114
115
121
123
129
131
137
147
150
159
162
164
172
173
180
186
192
197
200
203
204
208
220
222
224
234
238
244
246
258
261
265
266
268
270
271
273
275
277
285
291
295
301
304
306
310
317
319
325
327
330
332
335
339
340
351
365
368
369
373
374
377
381
386
398
402
406
409
412
414
415
416
417
418
421
423
425
427
432
433
436
439
445
447
453
457
460
463
465
472
473
475
476
484
486
491
495
496
502
506
507
512
518
526
541
545
553
556
558
560
567
571
575
579
580
582
591
593
598
600
607
609
613
617
628
631
634
642
643
647
652
653
654
656
658
659
661
667
669
670
671
674
675
678
697
707
708
710
716
719
724
726
728
731
737
741
743
748
753
756
757
764
765
766
771
774
781
787
797
800
802
803
807
809
810
818
820
828
830
831
832
837
839
840
843
847
867
872
878
892
893
894
896
898
905
910
911
914
927
929
930
933
937
938
941
943
944
947
951
955
956
966
969
970
975
978
979
981
989
991
993
994
995
998
1003
1008
1009
1013
1016
1017
1020
1021
1022
1023
1028
1029
1034
1036
1044
1045
1046
1053
1055
1056
1057
1060
1062
1075
1084
1085
1086
1089
1092
1093
1095
1099
1100
1101
1106
1107
1108
1111
1114
1118
1126
1127
1133
1140
1141
1153
1160
1161
1162
1168
1169
1172
1175
1178
1180
1184
1186
1188
1193
1196
1214
1215
1216
1217
1220
1221
1222
1225
1228
1229
1230
1233
1239
1240
1247
1249
1257
1269
1270
1282
1289
1292
1299
1303
1307
1312
1315
1321
1329
1333
1339
1340
1342
1347
1349
1351
1353
1354
1355
1356
1362
1371
1373
1376
1378
1379
1380
1382
1389
1390
1391
1395
1406
1411
1412
1415
1419
1428
1431
1432
1435
1437
1438
1445
1452
1455
1462
1463
1470
1471
1472
1474
1475
1486
1487
1497
1505
1508
1513
1519
1520
1521
1527
1529
1532
1533
1535
1539
1541
1543
1551
1552
1554
1557
1558
1565
1585
1586
1590
1591
1592
1595
1599
1600
1601
1607
1611
1612
1617
1626
1631
1635
1638
1642
1646
1649
1654
1656
1668
1672
1675
1677
1688
1692
1695
1696
1698
1699
1701
1717
1720
1721
1723
1749
1753
1759
1763
1764
1773
1776
1782
1786
1787
1788
1801
1802
1804
1807
1810
1815
1818
1819
1820
1821
1823
1826
1828
1830
1835
1845
1848
1854
1857
1870
1874
1879
1880
1884
1898
1900
1903
1908
1913
1915
1917
1921
1936
1937
1939
1942
1946
1947
1951
1953
1962
1963
1964
1971
1979
1982
1984
1987
1990
1995
1996
1997
2004
2005
2006
2015
2019
2022
2028
2030
2031
2033
2035
2036
2038
2039
2041
2044
2047
2056
2058
2070
2074
2079
2083
2084
2085
2086
2092
2095
2101
2106
2112
2117
2118
2120
2129
2130
2139
2143
2144
2145
2146
2147
2148
2149
2152
2154
2157
2161
2167
2170
2175
2178
2181
2183
2184
2188
2190
2196
2197
2198
2203
2208
2212
2213
2215
2224
2228
2229
2238
2240
2245
2248
2252
2257
2268
2270
2272
2276
2283
2284
2292
2296
2303
2305
2311
2312
2319
2327
2329
2331
2336
2337
2340
2341
2345
2350
2353
2357
2358
2362
2366
2370
2371
2372
2377
2382
2383
2384
2388
2389
2390
2391
2396
2406
2411
2419
2422
2426
2435
2439
2444
2447
2452
2453
2454
2458
2464
2466
2467
2478
2485
2486
2487
2488
2492
2494
2495
2501
2511
2512
2517
2520
2523
2530
2533
2536
2537
2539
2541
2542
2547
2551
2559
2564
2568
2571
2573
2577
2580
2590
2595
2600
2601
2602
2610
2611
2612
2618
2619
2625
2626
2628
2634
2636
2638
2639
2646
2648
2650
2652
2656
2660
2675
2683
2687
2690
2692
2701
2704
2705
2708
2710
2713
2715
2717
2718
2723
2724
2729
2731
2736
2738
2740
2746
2747
2753
2759
2767
2772
2776
2795
2796
2809
2812
2819
2820
2824
2830
2832
2835
2836
2843
2844
2847
2852
2860
2861
2870
2873
2877
2883
2885
2891
2893
2894
2899
2908
2911
2914
2921
2922
2927
2929
2936
2937
2943
2949
2951
2953
2962
2963
2965
2969
2972
2973
2974
2975
2984
2990
2994
3000
3004
3009
3011
3012
3017
3022
3034
3042
3044
3045
3048
3055
3059
3061
3064
3072
3083
3087
3090
3092
3097
3114
3121
3124
3127
3131
3132
3142
3145
3146
3148
3149
3150
3155
3160
3162
3163
3176
3177
3180
3181
3182
3183
3186
3188
3191
3193
3197
3199
3201
3209
3211
3217
3218
3221
3224
3225
3232
3238
3240
3243
3253
3254
3259
3267
3273
3274
3275
3276
3279
3281
3287
3288
3289
3292
3293
3300
3303
3322
3323
3330
3335
3339
3340
3346
3347
3348
3351
3352
3355
3357
3370
3372
3384
3385
3386
3390
3392
3393
3396
3398
3410
3411
3413
3415
3421
3428
3432
3435
3443
3451
3464
3477
3481
3482
3486
3488
3490
3491
3498
3504
3507
3513
3514
3515
3517
3520
3524
3525
3530
3533
3538
3539
3541
3550
3553
3556
3565
3569
3578
3579
3581
3585
3588
3592
3593
3605
3607
3614
3615
3620
3621
3623
3624
3635
3636
3646
3650
3654
3656
3657
3663
3669
3674
3680
3681
3685
3687
3688
3689
3693
3695
3696
3705
3708
3718
3734
3741
3745
3756
3758
3761
3765
3766
3769
3771
3772
3779
3780
3789
3792
3802
3805
3811
3812
3813
3817
3818
3821
3823
3824
3830
3835
3840
3842
3845
3849
3857
3858
3865
3868
3870
3871
3878
3883
3890
3892
3893
3898
3899
3901
3904
3905
3919
3940
3952
3953
3961
3967
3969
3970
3971
3976
3988
3989
3990
3991
3993
3995
4007
4008
4011
4019
4024
4025
4026
4027
4029
4030
4032
4033
4040
4049
4060
4061
4077
4081
4084
4086
4089
4093
4096
4105
4109
4112
4115
4121
4123
4125
4128
4130
4131
4132
4135
4139
4148
4153
4166
4167
4170
4176
4179
4186
4189
4200
4201
4205
4212
4219
4228
4229
4231
4232
4233
4235
4237
4239
4244
4246
4248
4249
4255
4261
4262
4268
4270
4273
4274
4280
4285
4300
4301
4303
4315
4316
4319
4320
4322
4325
4338
4339
4342
4343
4349
4350
4355
4365
4373
4374
4375
4378
4387
4390
4391
4392
4394
4397
4399
4402
4405
4409
4416
4417
4420
4431
4439
4450
4451
4453
4458
4460
4462
4475
4479
4483
4488
4489
4490
4491
4492
4506
4507
4509
4511
4517
4518
4527
4530
4532
4540
4547
4553
4562
4563
4569
4577
4580
4607
4619
4626
4632
4633
4635
4637
4638
4643
4645
4647
4651
4653
4655
4657
4659
4663
4664
4672
4678
4682
4695
4707
4711
4712
4713
4715
4717
4721
4722
4725
4733
4734
4736
4737
4740
4741
4743
4746
4766
4767
4769
4774
4776
4777
4787
4789
4793
4794
4799
4801
4804
4814
4829
4831
4835
4837
4845
4854
4856
4857
4864
4866
4869
4879
4880
4883
4884
4885
4886
4890
4891
4894
4896
4897
4902
4903
4908
4909
4910
4918
4925
4928
4939
4950
4953
4957
4958
4959
4960
4962
4965
4968
4971
4972
4973
4981
4986
4989
4994