3417
-747
1233
-4574
3400
-3270
-4524
4825
-160
448
1275
-1626
-1138
581
-2884
-1129
135
4658
2283
-1618
-2967
3588
4225
3731
-4065
-2492
1677
524
-1933
3884
-3129
351
3354
1810
4939
4138
3792
-1793
-1642
-4248
1310
-3356
-1451
-2721
1932
-1048
-476
-4390
-2854
-3390
4695
-2233
-3051
4794
-2334
1532
418
422
2986
-2956
3992
-4048
-3247
-4651
4969
3625
-3221
1943
701
783
-413
4091
-4489
1796
835
-2894
84
583
1277
3593
3350
4081
-3585
-3135
4921
-3360
1957
-1369
-159
-1060
1119
-1782
-356
-3275
736
664
-2648
845
-4809
-719
-3762
847
702
-1636
855
-1936
-4297
2660
4425
-3254
-3462
-4661
2543
-3342
2149
-2488
-912
2038
-3162
-1620
-1916
2666
2199
-2988
-1310
-3894
2994
2595
1353
-4541
334
2406
-3320
677
-345
-4896
-2104
4875
552
-2162
2795
1527
592
1973
1610
-3546
-4284
1167
-1471
2497
-4337
1571
-3180
-348
4613
-3778
2024
1673
-1500
3652
-4923
-1801
1961
4918
-2949
-3182
4773
-486
-1094
-553
-927
4801
2872
-372
-622
1573
-2286
-4529
3730
3177
-3256
-4938
3819
2698
-3023
575
-1240
-1385
3597
1321
-458
2596
3900
-4910
-1591
-2693
4148
-1670
-2543
265
-3501
-4306
3796
-1122
-3457
-2938
2944
-1545
-2449
-4437
-1004
-4734
4910
-1372
-4345
811
-3470
-826
-2112
4886
3325
829
-2633
2097
-935
-4016
-1195
-193
-1835
248
-3737
3076
-3262
-1426
-2651
-4143
-4636
-2216
-3273
2405
-1566
435
-302
4100
-2794
456
-3921
3171
2616
2174
-950
-4094
-4627
-1493
4035
3419
-3652
-4355
-823
-2094
642
-3726
1024
4033
-4833
1554
-3760
1359
609
-901
4320
3029
4185
722
4272
-3053
-1704
1975
307
683
4728
239
191
-2289
791
-478
4729
2993
-118
4288
-4736
2359
3184
-2041
2103
2383
510
-1829
-681
4813
-2364
534
3832
-4724
-1072
-144
2788
-1071
-195
572
729
4224
-2293
13
-1102
2859
-4869
3304
2282
2619
542
-490
-1130
1530
-29
3477
-3845
-1621
346
2712
-561
2179
-3015
-2673
-3742
-4267
-2510
4552
4556
4835
4023
866
3904
-3473
806
-1313
2713
1595
-1866
2681
4390
706
-2034
-3813
-3347
-475
3349
3683
-1053
-2438
2270
-1852
494
-1720
-4159
540
1878
-546
2116
3514
2053
-3032
1363
-4799
-4018
-1674
3577
879
2250
3351
-4989
4615
-1121
4180
860
2945
3746
3843
3423
2561
-554
479
4015
3235
-2200
-1725
-4905
-3776
5
3678
-7
200
-3329
1239
1717
696
1620
1008
-2765
4638
3676
2976
-2898
-3804
3324
-3587
1670
-605
610
1794
3909
-851
848
-568
1698
4932
-3964
-1669
-4941
2050
-3401
-75
3509
-2055
59
-1348
657
2413
4631
-2021
1779
682
1367
-4240
14
1937
-3551
312
-625
-1755
-2698
4833
-2760
314
-3844
-706
-2160
-4286
449
-1703
-1
-1345
-1370
-1236
1027
-1291
-2472
1588
4214
-4446
-3636
-1037
1583
2108
-3787
-2694
-2032
-2354
2611
431
-742
2646
185
1251
-917
-2541
-4106
-65
-393
-1127
2213
4682
2592
439
-4326
1429
-2827
1490
-3633
1334
-1429
1477
-686
-4867
4600
-699
2444
4004
3560
4961
-3777
-965
3219
1410
-920
-3497
1412
2232
1662
738
-4171
4778
3360
-3460
-4
2212
442
-3638
-461
421
2051
4715
-3725
-2223
-909
2749
-2672
4702
-967
-1487
2692
3276
922
3905
333
4300
3846
-2122
1952
1485
141
1438
946
-1095
-4703
4845
-2503
3803
-1803
2029
-654
3451
-3865
-4432
-2487
-4549
-3630
2128
2752
-2529
-1817
2364
621
321
4078
-1975
353
-341
3702
2604
2950
2434
1376
814
-1654
-1498
-2744
-2634
1923
2189
-6
-4841
-665
3902
-2131
-245
2882
734
-4418
-1462
2381
1300
-2800
502
-2808
138
3656
1877
4397
-2445
-4804
-1737
2390
4395
-2432
-2716
299
-331
2083
-4244
-4435
-4000
4919
-4980
4402
4211
-2086
3624
920
-1982
4050
1808
260
-2063
-4857
324
-2609
-3802
3187
4998
-674
-3729
3365
-4916
-3276
4474
43
3091
-3196
-4486
-2914
2400
2759
3450
-3483
-4357
3166
201
1070
-2
3736
-581
-2904
-1731
-280
-4583
-4192
1035
-1965
-1200
3968
-2635
-2458
916
-1524
3201
2144
-4012
3300
-53
-3200
4154
-3719
-4420
2884
4967
-4921
517
-1785
4844
2306
-4460
-3860
-4774
1215
979
1816
3892
-4551
-778
-10
3661
2077
-412
2489
-1432
-2556
-530
-611
4314
-4537
2191
1629
-2629
-3437
-779
1441
-4057
4908
3097
-799
-1391
3134
-4359
3675
-582
-3753
-4613
-619
705
1591
2125
-391
4333
781
-1202
2245
-3190
-1641
3549
-518
2847
-315
-1099
-1809
-1592
-2520
-4818
921
1096
1117
3470
4034
1189
-2433
-469
-4129
2132
78
-813
1655
1692
-320
-2840
4906
-2219
1993
-3125
2210
-82
2833
2931
-986
4536
4558
-1754
4643
1596
-4310
1390
2558
-3495
2856
-2335
-3945
-477
-3751
2183
178
-128
1753
707
-4838
-3832
-4978
-712
4948
3840
4747
4953
-2815
-2548
-923
1204
1488
-1321
2138
483
-2173
-2450
-51
1811
-3087
4242
4779
3123
129
2156
-2126
465
2902
-4011
-3984
2917
3292
-97
-4131
3754
1033
2145
-2897
4901
36
-4092
-1765
-3113
-3408
-2230
-141
270
3764
3606
4942
3161
-3010
-1448
4811
1110
4140
2393
-4581
364
-3748
-4507
497
-4648
-1562
2853
720
4416
-1052
-1905
-3244
-4844
-754
4063
410
501
2843
2576
-1821
-2414
-2624
-305
628
-4280
589
-2210
-4450
-1186
-2929
1386
3659
1908
-2807
4128
-407
1805
-3696
3210
2668
4249
3786
-2969
4444
2208
-2661
3849
2409
-4215
1486
-4212
4133
-586
662
512
4285
1798
618
45
-2048
-4024
4693
-3031
3908
-277
1697
3604
4151
-884
-1747
2325
2824
804
163
1999
-2837
667
-2399
-2441
-4287
-2170
679
959
-3997
-544
4005
4334
-1421
3355
-2485
4706
-2318
1781
4187
1124
-2376
1615
-2975
-202
1513
4780
-1079
-4618
1208
2231
-4407
-3264
-4421
4829
-3133
3167
-1063
-260
157
1161
4656
4464
-887
-4985
1493
-2102
-5000
-1535
-1333
2094
226
4529
1340
3089
-629
-1864
-1568
-1833
-2665
3719
2487
-3231
-2705
-2267
-4400
4341
2260
-2012
-4226
-4014
-1257
-427
-3422
2499
-2199
-1648
-2423
982
-176
-4614
-3348
-3066
-4384
4412
-3311
2246
-896
-3922
2990
-4430
-443
2539
-1270
1828
-4409
1106
-3909
-1643
2943
937
284
1613
-2118
4246
-3879
2110
-2208
-2886
1901
-2341
3869
1371
4053
-1081
4594
-2218
4624
2159
-558
-107
3314
-777
-3293
-3682
399
3765
1783
-2882
-3266
863
-2280
-659
1178
4433
2362
4633
-1627
1738
-2582
-872
-1392
3259
-4033
-2311
150
902
-45
3653
224
4062
-3104
1335
-3229
-3749
-2078
-4266
1234
2496
-3287
-1546
1069
3468
1564
4799
2384
74
-2640
-2695
-4881
4523
3393
-1567
133
-1467
-4873
-3867
1127
899
-203
2532
-3520
1837
2522
63
1711
780
-1047
2816
-3936
-2290
3647
-810
-468
-3005
1151
3056
-3891
-1537
1113
802
-2620
-2453
2266
-3017
-4757
-4544
-1699
2410
2450
2374
1164
-112
504
4526
-1935
-124
-71
639
-1719
1607
-4087
547
-4647
4274
-827
-3723
3907
4647
4013
466
2342
3185
4538
1093
-2225
-501
-3620
2211
-4516
596
-3660
-2784
569
2881
1378
-2756
4392
1176
-2577
4787
3806
-2339
1875
-4781
-2491
-3929
-2167
-3798
3168
2732
1452
-2537
2979
52
3822
2355
-224
989
1559
-421
-3285
3562
-2736
-4694
-3240
-2327
-3942
-4611
-2072
1533
1531
4172
-2927
-2297
203
2775
-766
-1595
4756
4487
-4750
2147
-1330
2331
-3479
-3703
1785
644
4770
368
3651
4831
2224
-3170
4283
-3659
194
3261
2099
-1058
2791
4880
-3472
-4026
1996
-2093
-4470
2661
2203
-1292
-4010
390
4745
2352
1169
-2174
-3863
-3230
-48
462
2895
2541
-2802
-4060
-3440
2244
3538
3421
-869
-2456
3275
-101
844
-2396
-565
2809
2500
-3186
1792
-2268
-1128
1876
-1903
48
3505
3159
-1649
2755
4868
-4769
-3324
2343
-3385
-3043
-1166
-254
-805
3212
-1688
2642
-3075
3553
2206
-1608
4043
-3465
3940
-269
244
717
3206
-832
-2876
1462
-4698
327
4717
-4722
-4531
3197
380
-3445
4705
-244
-3425
3751
4264
-4374
-755
-2107
-3996
-4063
-416
-109
-3492
281
-1489
4215
4576
-3404
565
-399
-1508
756
-2052
507
1864
-4721
488
4329
-1323
-2951
-1245
957
-3578
-441
-3233
-4620
-1659
1271
4914
1836
-4887
-615
3361
2185
-1736
4098
-3070
-1137
-557
-4883
-1635
-1181
1696
2563
-4346
-1283
4701
3328
-1712
-643
-2448
-2227
-3522
-3328
2052
3025
113
-1721
4987
-1185
-1105
-4561
-3756
-4123
-907
1740
-430
-3085
3489
-2067
-3827
948
-2638
4232
-3734
-3000
-2586
954
-13
2046
4001
-694
-3352
-1761
1419
2906
3245
-2031
-844
453
311
-1930
-131
-2867
684
934
3780
-873
4661
2348
-510
-938
646
-1646
-4637
-2103
-474
277
2658
-2970
1929
-3739
4262
-310
1291
-1325
-2524
-2619
1903
-1494
-675
3668
746
2607
-847
-1792
-492
3044
625
-1314
-2873
3412
2209
-3750
-2701
356
1825
-2659
-1886
-1173
2292
-2530
-1667
-1394
-1741
-4373
-467
-1271
2192
3633
3707
557
4295
1685
2078
1018
-1728
4904
878
-4853
1492
156
-4566
3619
-2557
-2791
-817
-4241
-2753
-20
-1147
-1168
-3219
-2137
1511
-1235
-4125
3613
-2146
16
4482
-1967
2273
1047
1568
-2190
-1590
-3875
2259
-1132
3258
-3249
-3211
3440
1732
3631
-1611
1445
-460
-4624
2036
1802
875
-4199
2636
-2467
-4370
3102
-3954
-3332
-2576
1627
-409
-4257
3160
-2261
2527
748
3643
2153
-2676
-4514
-761
1005
-4312
4202
-1491
-2518
858
1664
2758
4981
3469
3129
-312
1707
-2944
-4347
-2900
-4465
1891
4814
-4604
56
962
3513
3723
-4505
2704
-35
-3370
382
-2603
-1057
-4940
-2265
-3183
-1198
4525
-4457
4323
-2919
955
-177
945
3133
4244
-3873
1196
3554
-411
-3849
1122
-1851
3104
-42
2142
-3423
3545
-1759
-2707
3913
-4778
-1326
-2622
2414
1767
1915
-3966
4389
-110
4010
3544
4588
3019
1295
-1169
-2720
-2842
-951
58
-4779
3139
539
-4075
-1762
3897
2866
-404
-2857
-484
634
-1253
-4589
1674
3283
-1569
4421
3174
-1294
-262
-3292
2329
-592
629
4870
4378
437
-3121
-722
-228
1676
906
4404
1830
-3004
-1589
2054
-3150
728
710
3616
3711
370
4938
788
-673
-388
-1232
73
-3876
-377
-1739
1967
-3657
1347
1922
1835
-4242
3242
-3451
160
-970
3915
-4322
4463
2498
-1865
1609
3910
4496
-2120
1660
3834
1704
1856
-566
-2989
3466
-3110
-1435
1060
-2596
-4071
2276
-3969
2750
29
-3427
1349
3502
-3400
3657
3103
269
995
3410
1515
44
3877
-234
1427
-2522
-1846
1791
4649
2225
-4559
2703
-1738
2921
1015
-1244
4520
1969
-4555
4478
-903
3820
2415
-2887
3326
-373
-4786
4749
3246
1806
4000
-2575
-875
-4088
-3684
-2829
-379
-3698
-4842
-2272
-3693
170
-3295
-4752
-4586
2079
2376
4884
1747
-287
-4180
2227
721
2488
-4342
4760
-727
-3040
-4208
-804
4792
3912
2512
-1284
4073
-2182
-897
-2869
3813
-2113
3906
-4999
3629
-2947
770
173
487
-3957
3793
-2301
2557
-1133
-438
-2863
-2211
2082
-4020
-3872
-2502
3816
3216
243
-1073
-878
-2234
-3318
-3149
217
3345
-525
-4925
1644
4396
-2868
-278
2255
-1199
-3250
2411
602
-2388
2591
-3055
3090
1351
1579
-380
-4290
3993
-4136
-989
3770
-890
2223
-213
-4815
53
-4563
-516
1207
-1880
-2892
2556
-2984
-1673
-2965
3014
-497
1931
3842
4784
2324
408
4137
3862
-1317
-4147
-2258
1955
4841
-693
-3114
-243
3860
2228
-1951
-87
2080
3348
-857
-3265
-815
-709
-3049
3306
-1558
3301
-2323
3005
-319
2548
3006
-3146
-4178
-3409
-2822
-2369
-491
-3306
-257
-862
-422
3710
-1946
3667
-2792
-4615
-739
3753
-498
-4644
-11
-3203
-1503
797
287
-3336
-685
4903
-1354
4058
-2922
-2992
-1316
-2681
1638
1381
-2578
-1373
-2049
1382
-1184
-4806
1495
1750
3568
-2320
-1579
4847
-3526
2068
87
-337
-2656
-3575
4620
2982
-786
4327
-2573
2929
-4360
-4825
3985
-1189
1146
3175
4848
-2480
3267
-926
-1163
4447
1356
1621
-4189
-2809
4256
-3567
-2484
-3433
1165
-2022
-4105
3691
601
-2844
-1824
-3139
-3820
2711
2517
-2090
3042
-4216
-4289
553
2201
4022
-3430
3501
3413
-4101
3836
986
3199
749
3937
-1217
-3949
-4362
2035
614
-1518
4278
2332
4977
-1478
4230
2044
60
4044
4160
-1837
-4433
-2215
1612
3674
3270
2630
652
3165
-1732
-3349
-3606
3640
1350
428
-2879
-2535
-2654
-1332
3637
718
-795
-952
2075
-4404
3130
-4554
-3670
-789
4217
1755
-573
1243
-2147
-1312
-4043
3814
-3061
2839
-4380
72
-1449
1358
-4049
4654
-3371
-4706
-3705
-2246
3670
-1239
-371
-2424
-3959
1741
-663
-33
-3925
-2783
3057
2579
4311
-447
-3026
4966
4689
2960
236
-2231
-4341
-4974
969
480
-1645
-198
-3589
2323
1147
-876
1675
2392
-4810
-3592
4223
-1322
2746
3721
1135
3923
-4367
-2000
4326
1064
-4650
1871
-958
-679
2807
1587
3555
3279
3896
4340
3858
-959
-1032
1761
-197
3100
-4320
-1987
1007
-1596
-76
763
1242
2398
-1678
-2084
523
-365
4788
-261
-3672
-1900
-3373
-3905
1656
2296
-2819
-3602
-2901
-4361
38
-1991
-4015
-3120
116
-929
-572
-1382
-1482
-4237
676
2657
-1548
-770
-4318
3531
-4188
-3471
-1979
4602
-957
3447
-620
-2046
919
-1583
-3308
1691
-140
-3387
218
252
-1371
-3272
-1984
-4252
2023
3243
4582
2124
-4943
611
821
-3910
-3716
4287
-179
-3550
-2459
2587
2011
-2741
3390
-1929
1546
777
3371
2674
-285
-3607
3830
3484
-3549
1052
377
-2845
-4083
-1778
3899
2634
-4013
-4471
-3974
-4251
1095
4387
-3485
-1575
-3154
-3553
579
1984
-451
-4508
-4871
-3817
-4934
4660
876
4614
-2076
-89
-837
-2896
-4155
2999
-4156
-4515
4542
-3109
-291
3075
249
2040
-4264
-4313
1447
4377
-1823
293
613
-3444
-657
-1309
745
-309
-3426
-1151
-978
3547
-612
-3831
4009
-3920
166
3735
2330
638
3948
4041
3812
-236
1250
3233
-1375
3231
-1870
-4576
-1405
2490
-3461
9
1567
-1025
-3011
-4572
-1628
-1956
-2999
3635
4540
215
-2123
4303
-4886
4562
3007
1695
-96
-3212
-3524
-2316
-149
-2312
-4919
-4393
-1400
2012
4766
-1114
2855
-363
1503
-2383
1784
-2554
-1764
2992
3116
-4232
-597
-1476
68
4254
-61
-4422
3377
4372
3118
2877
-4584
1045
3264
-1124
-707
-1572
4365
-904
-2953
-1156
3748
1020
1036
-4593
-158
-2623
347
689
2904
-1123
-3743
4046
2456
-2389
3363
1197
4810
528
-4358
-3801
3777
3517
981
-3932
882
-4996
-4141
-1881
1021
3743
3457
-3532
-1115
440
1183
-3610
-2843
3535
4273
-353
-4827
1907
-2703
-3850
-2933
-4052
-3617
-4181
2535
-1267
3209
3665
-1484
4959
359
2074
-4072
-3728
-2321
-1756
4645
-4113
-3142
4547
1305
-3168
-349
2055
-2560
1192
-3568
3030
-2745
-4875
-4717
-1331
4408
2554
3831
-3512
214
4699
-3774
4014
1421
3158
2204
1354
2590
-1340
4583
216
460
-1952
-4040
378
1115
115
-1399
-3955
4231
1179
3571
-4592
-1055
4070
-4317
-4497
-4005
-1543
-641
-3453
2577
-1752
4795
-1693
-915
1777
4494
-4259
2025
-3735
-3675
-1287
-1713
-4480
-571
-466
-4037
-1757
-4872
4120
-1920
-4518
-1328
4629
1730
-520
-2051
2680
-4987
-2650
2815
-2690
3437
-3792
3098
3946
-3395