2190
-348
4553
2852
-2739
1029
-558
2147
2439
1997
2625
2106
1340
2559
3817
3624
-843
3565
-1926
2656
351
-4650
-2932
2391
159
-398
1915
-456
2636
3217
2238
-608
2139
748
-160
3490
-4076
2495
-1994
-3187
-3825
-2655
-3166
4962
317
-147
1675
-4099
4939
647
-4012
3114
-3230
1111
-2604
2492
3012
-2473
129
4713
4968
-3934
1225
-2068
2095
-2395
-2203
2197
-2180
-1304
-1489
-2561
-3949
-2525
3347
-285
-2861
3201
2224
-2026
1759
506
-4925
-2339
-796
-656
-4066
1520
-3703
2208
4128
310
368
-1893
-337
1543
4479
4397
-1377
3953
-1434
2070
-3509
1937
-2680
2830
2382
-4821
3182
-4519
-2472
-3587
-2593
820
-2254
4489
2660
-472
-1206
-1198
43
1936
1590
-4379
1557
4483
-1216
3303
-2298
-3271
2130
-2574
-227
277
3513
3224
-1961
2248
416
-1617
1282
-3843
-2951
432
4507
-3888
-4633
3745
-901
1720
-4765
-2543
2969
-1017
3919
1351
774
1186
-3609
150
3636
-2722
-2400
2284
-3101
-1526
-2986
-4108
1062
-1252
3163
4789
2028
3372
1638
-4255
-722
3663
2753
-4005
1979
1215
4879
-2689
2877
3022
-3632
-76
3243
1611
-1505
4431
-493
-1113
-612
1193
2478
3865
1028
1626
2965
-2658
4725
-510
-4002
3398
-3896
-549
-2892
765
-480
2619
-1373
-579
2336
810
553
-12
-678
4607
-4030
1371
-4563
-2879
-4994
753
3904
270
4767
-856
-1883
2795
1114
-1043
1819
-72
-668
-2963
872
-4885
-3010
-4677
1898
-3652
-4617
4212
-1586
-1301
-1411
-1320
-3719
-314
2820
-3275
-3781
1535
-1137
1353
978
3132
4682
4342
2595
-756
2035
2530
1160
-3100
-2111
-4916
-3715
4580
737
2962
-4178
1782
1118
3705
3482
671
3657
4303
-201
2894
3083
4027
1095
-4230
-1236
-4053
4910
-59
-2846
-3926
-3583
-4515
9
-1110
-1096
-895
-2757
4801
-1136
998
2747
-4658
-2670
-2549
4025
-4735
4460
2523
-4678
-4392
1406
3623
-3490
-4744
4176
-1010
-2160
2453
2276
3818
1599
-1344
3045
1668
2520
-3292
-3515
994
-2326
3352
-4896
-2804
3384
4349
4399
-271
-3909
-2576
-4337
-473
-2762
2638
3087
-3270
-3203
1289
2447
3680
-1756
-2047
-4048
3901
2943
831
1354
1763
4373
-4598
2112
634
1519
-305
-3316
2501
2891
-4768
2464
-4564
-1295
-2308
3146
-445
1642
-3179
-767
2626
3004
830
-333
-4721
3520
3971
-3421
-3877
-4645
756
273
3830
-2714
-741
-3331
1826
-2345
2731
-3649
-1593
-2433
1541
4416
-1014
2870
2353
1649
-4459
2058
-4946
-1473
-867
-238
-4901
-209
-3253
575
-1638
-3517
-1450
-1132
4255
3541
3340
3238
2953
-4904
-3520
-2020
1239
-3239
4972
-4628
-4140
-1146
-2295
-894
-1853
4794
-711
1075
1023
598
-1644
-4103
-601
-4767
4420
-1242
3514
3593
-2419
4409
-1785
-2780
1692
-1602
840
930
-1
-2264
-3146
-2675
4125
1854
708
-4727
518
4153
1196
-259
526
-4793
3486
2188
2843
-537
-1048
-4610
-1680
-3207
-4437
724
2611
1228
3150
-2787
-4222
-2057
3993
-2218
-2364
1303
-166
1903
-4370
4390
-4344
1089
2184
2914
2975
-2108
-2206
-2022
1022
-4070
1127
3890
3346
3191
-2983
4189
1221
-2093
-572
-157
-2200
669
-2898
-3925
-3667
843
114
828
2485
-3505
275
3905
2178
643
898
-664
147
-276
-3075
-2913
-4942
-2228
3849
-411
4285
-3663
-2899
-2997
-2296
4635
-3044
-346
-1348
1848
-1864
1141
4086
571
867
2406
1688
3989
415
-4114
3669
-3830
1601
-4299
-2510
3813
2577
-488
1749
728
123
-3358
1951
1108
3688
-4600
4971
-1652
-2982
-1209
4417
-1267
2228
-91
710
-2755
567
112
2772
-4631
1172
-3216
3335
2303
-635
1240
-3028
-1525
3696
-4738
-719
-4775
-1905
4695
1879
-1737
4953
4856
-4457
2198
-4825
4121
-999
1717
-3212
-4696
473
2370
-2515
2444
927
4273
-3619
3835
-3783
2847
-4037
-3832
-2921
3259
3681
1699
3300
2634
1428
-4574
3390
-2453
3048
-1438
-4509
-2455
-3863
-4928
3432
1161
781
-2408
-2531
-3176
222
2692
-3751
-242
1044
4033
-468
4007
3413
3769
234
-866
-4384
4518
4186
-3096
4300
-2756
609
-1835
-4340
-4731
-4236
-3420
-2083
2181
1055
-2569
-3637
-4750
4244
-671
-1085
1380
-264
-4298
2144
-1546
-644
3240
-1991
941
1016
-1894
4026
-2088
-4248
2452
-2703
53
-1643
-2009
-4079
938
-4450
-4132
4958
-364
-4687
3995
417
1092
-4148
-4782
1835
-2082
-3141
220
3517
-977
-1104
-1184
1472
-3213
-2520
-893
4774
3498
-2269
-3273
-1772
4829
3969
374
-2583
-2301
-4331
-3867
465
4897
-4969
23
2129
3017
319
-248
-1848
2610
3870
3396
4024
1169
-41
-4061
4722
-2768
-2753
979
3330
4632
-588
2618
-2860
2746
3177
1921
-474
4741
-343
-561
4451
-713
1390
3556
-401
-4490
-1106
-2955
-731
1107
4655
4925
-1694
-2262
3823
-3386
-1387
2832
-192
38
905
4734
-2471
3635
2154
2167
3464
-3488
2487
-1576
-4634
12
2922
-3132
-2019
-3351
4712
365
-504
-1976
4167
2717
-3048
-3729
-831
-4366
-1465
3780
105
-2466
-1426
1299
4301
4315
-4303
-2381
-4743
-939
1168
-1397
1046
-4394
-1758
-1540
2084
2340
2937
2860
-4326
-6
-4752
3898
1269
4233
4664
-3001
-4192
3538
27
-2246
4232
-2120
741
507
1995
-4187
4105
4200
1216
-1322
2580
425
2257
-3525
-1931
-738
1807
1497
1184
4707
-4686
-4502
1220
-2070
911
1786
-4820
4402
-2637
1823
3685
-3065
4645
2650
3121
-3999
339
-1385
2690
-396
-3937
2949
-1688
-982
-2648
1178
-3977
628
-1007
1021
-2562
-954
-4369
-3167
2517
-3443
-586
4854
600
4453
2292
-3500
3871
-1091
-205
1347
-1560
-3513
4626
3824
4737
-4668
-761
-1443
-463
-3060
4491
-2099
-2701
4909
1672
-2158
-3282
4322
-1946
304
-353
-4644
-303
3756
-1695
2101
-1457
-3095
-1349
-3375
-3989
-388
1356
4235
3976
2047
-1456
-3326
-2688
2270
2533
-2297
-1180
-3748
2844
2426
2170
258
1222
-1418
3273
-2490
-885
4488
-3308
-1981
332
1646
-770
4511
4891
3821
495
1591
-794
1435
-4636
4139
743
2809
-949
-2580
-4201
2056
37
658
-4943
1913
-3319
3064
-1138
-3484
-1531
3072
1971
2984
-1400
2873
-3493
1452
3276
3481
4563
-1789
656
2705
-897
4657
3289
3186
4530
4799
3585
2488
-2134
802
4060
-2900
1721
3355
-455
-1125
2350
-1903
-3172
-3188
-3639
-2796
839
-936
579
1802
476
-1649
-1372
1617
-557
1431
-3588
-2379
4973
2759
892
3183
2041
-2616
-4871
1373
2713
2296
-1200
-187
-1278
-2741
-605
-1171
-1858
-1275
-4348
2327
4077
-1514
2396
-334
4229
173
-1076
-1257
-869
-1746
-932
-1168
-2432
-1824
-1269
-3762
-132
2836
-892
1821
1857
1996
-412
-2853
-1941
83
2512
2357
4237
-3236
-1188
-1149
2911
-1253
447
-2811
-2261
-4875
-1862
607
2536
4394
3044
4659
-1604
3218
-539
2213
1987
-1237
1874
-2363
-2283
-3788
3605
4093
-4966
-3447
3059
-4130
-53
-2371
4115
-1225
-1553
-2679
2117
-1015
3845
4637
2039
-3574
1698
2652
1229
4365
-3136
4577
3145
-3779
2143
4130
-4588
-4182
2738
2835
1217
943
-2631
-350
-1003
896
2215
1880
-4602
-3480
-1062
2030
-4478
697
-3031
-4948
560
-3367
-2085
1270
-4512
-1183
3892
-3440
2283
1947
2337
-4956
-774
4884
52
-544
675
1521
-409
-3329
-1677
-2651
-4016
-1312
-2893
-528
-1859
1411
-3532
1230
-2934
1312
-3573
3323
-1395
4246
1788
-875
1333
4201
1175
4717
-3405
-4235
-4473
2541
-2539
-700
3615
-3445
1963
3287
-814
-3625
1020
-31
-694
238
-3431
771
3656
-1075
4011
-273
-4468
966
-3110
2229
-2122
-3466
2422
3288
-3338
-4909
2568
-7
1180
4179
-4351
208
1801
674
3292
-256
-4905
4540
-568
-4494
2861
1845
-3656
1585
2951
-766
4439
-1058
-1820
-2260
2411
3385
-1153
-4516
-750
-4405
-904
2893
-2907
4653
-358
910
-1130
2974
-650
-3594
670
-4159
-4712
-310
-2788
3293
2466
-884
-4083
1900
1810
-4554
-1803
460
-517
-471
-3155
433
1513
2639
-4249
439
-3290
-2392
-552
3708
-2873
-1956
-3486
3209
-3706
3392
4490
-3027
-316
1474
4392
654
893
1307
-1830
2152
51
1631
3254
-1259
180
2648
4475
-3471
2723
-1923
-811
2085
-583
4736
-2041
-1538
4040
1773
-2313
-785
335
1249
-4288
-1037
-2572
929
-498
1595
-4680
2612
4766
878
-2143
2704
1558
-3835
-119
-3157
-550
2564
-4822
484
2092
-123
-495
-1028
-3057
-2063
613
3411
-2585
4316
4375
-1608
2377
-4504
4089
1470
3524
2329
-2361
2929
-4581
4643
1382
1508
-2416
-3810
-2231
993
1329
3176
4131
13
-1347
4894
4008
-769
2494
-4436
22
2921
203
-318
3267
-4906
-4006
2086
398
-4160
3148
-2334
-2683
2819
-3049
1008
3758
-2272
-1230
-2311
-4835
-674
4274
69
475
-2232
-1072
-3127
4262
-218
-720
4081
-3916
-2824
-1631
4651
847
4270
4885
-3472
807
-3607
2384
2908
3990
192
266
-2014
1908
-2613
3188
-339
-3363
340
285
115
1126
-3741
-4443
3620
3811
-1759
3654
-2656
558
-1283
2628
56
-3734
-4529
-3371
-4944
3000
-3759
-1271
3421
-1787
894
-4157
-3642
-960
4170
3211
2371
-2092
2044
-4334
-3135
-3690
-4570
4355
-4386
3718
-1882
2175
-2778
2767
1247
-2373
3199
-4854
-4129
1419
1505
-2632
-3361
-3898
-3144
-2871
1257
-1399
-1651
-2292
1362
-2914
1830
3952
4261
-4097
-1314
200
3578
-2772
3970
-435
3155
-4523
-3603
-2629
4517
-3354
-1541
1776
-1243
4350
-3162
-4878
1378
2079
-2148
757
3961
-4034
-2557
-11
-3944
1101
-4506
4835
412
-907
2990
-289
2074
3533
1486
40
2252
-1801
3674
268
2240
2646
944
-942
-1712
1607
2883
2389
593
-1223
-925
20
472
-1452
4746
-3417
1696
2675
719
-3991
1753
3842
-4762
-177
-4398
-551
-945
3878
-3576
-1358
4320
1463
-3372
4492
4228
-4267
-3398
-4143
3149
2740
-3710
-3278
3160
-899
1635
2454
-3161
2212
-2495
-3039
2812
-2588
-1047
541
-230
-593
4547
4532
2486
-4169
-3087
3581
-4476
-2409
1379
764
-2396
-4850
-4134
-3192
-4463
3197
-576
-1201
4960
204
-3764
-301
4831
-1179
-4424
-1771
-995
2972
-2333
4989
-4766
2571
-1932
-4164
2196
818
-4084
-2367
-426
1475
-858
1162
-4900
2776
-1182
678
1013
-3553
414
3646
4857
-972
-3451
-4975
-54
-1118
-1918
-4189
1438
2994
-3056
-2076
591
4845
-2202
-321
2824
4777
377
-442
-3097
-3441
-3413
373
-1213
970
3393
421
2345
1551
-4538
80
766
4957
-3765
-3345
-2530
-4454
1984
-577
2004
-3062
-3624
197
-2244
-4697
803
-2707
-1108
4135
1060
-1041
-629
-2097
486
2390
-250
4793
1953
4387
3771
4837
-3208
-1494
-4489
381
2161
2372
2033
2022
3991
3322
-4247
-3189
-3352
2312
-3761
-4207
-2212
-3677
-1806
-299
-3349
-2336
4663
-32
-1950
453
-2316
-3824
3857
2710
-2164
-4843
-3904
4527
291
2715
1554
-1729
-2673
-2464
4918
659
3274
271
2708
-994
1342
-1122
1982
-2554
-391
-4755
172
726
-1603
4030
3507
1339
3802
-3103
-2541
-4807
-964
-1239
-2505
-1161
-776
-4089
2268
-3947
707
3940
4378
-30
-1930
3693
-1055
797
2435
-4903
-1355
1085
1045
-199
-1641
-996
33
3772
-4278
-3237
800
1389
-1067
-3643
-1027
3009
-4922
1612
-4801
-2125
3858
832
-2465
-3205
2601
-226
969
3042
-4710
-666
-2979
-4951
1656
2973
-2734
-4477
2551
1962
-4019
-3836
3090
1188
-1142
2419
716
3734
1292
-1319
2145
4804
-3419
4084
-1065
457
-3544
4405
3281
-2820
4019
-4525
-4754
-1250
3488
3348
-1337
-1665
-3125
-1808
2245
-1686
78
-2276
-3529
3253
-378
-4251
-4882
3443
955
3034
2341
4902
4248
-597
-1993
-2220
-3078
-3318
-3551
-2067
4325
-1413
121
-760
-4135
-2314
-1290
-2454
54
-1982
-3815
-1479
-1207
1445
-3613
-748
2687
1437
-173
369
1870
-3474
-1653
-574
3614
-2533
1214
4458
1539
1133
1787
3515
631
-274
4908
-50
1723
1532
-3378
-3965
-170
2602
436
-2366
-4219
1828
3451
1695
-1885
-825
-3543
-2303
-3093
1942
-600
1415
-4023
3607
-2035
-2469
2031
3689
2600
937
-1753
-730
-2383
1093
3279
-2133
2927
-2887
-139
61
-4391
-4789
1455
3232
2542
-3859
-743
-2726
-1966
244
-4373
-4507
4112
-3675
-3709
-1929
2146
4391
491
4339
4450
-1293
-2556
-584
3131
-3462
2511
-251
1939
-4484
-2123
4890
4374
-67
4869
-4336
4903
-1220
-3250
418
1084
3162
4986
-1379
2573
4711
1412
1140
642
-1147
164
-2319
-1261
3621
82
975
-4513
2963
-1375
-395
3275
4733
-107
956
2724
4096
1471
-2233
1946
-4518
-1999
-2668
-39
-419
4776
-4832
2148
-3901
295
-2897
4740
-1900
-4055
-4062
4343
-3368
-2959
-2628
3386
4787
-4486
1009
-362
3579
3428
4239
981
1315
-4397
4994
-3995
1820
-228
-3599
991
667
-1823
-1775
4880
108
1017
-1717
4886
1003
617
3142
-4408
137
-4893
1764
4633
4638
-3864
3011
3868
-1333
4647
-717
2936
-257
3127
1529
246
1349
55
-4414
445
3097
580
933
3055
-1632
582
-891
-3183
2537
-952
3351
-2596
2083
4866
4319
-1973
-4656
100
-4208
-1040
1527
-360
-4972
-978
306
-634
1099
-1728
2729
-4390
-3959
3061
4049
-4788
3180
3741
995
2458
-2075
1462
-4734
2015
-1338
-117
-773
-2338
-962
4132
-1077
-640
1086
4715
-1870
-4396
-812
-2908
3789
-3380
2149
-3579
-1955
-3235
3592
1884
-354
3339
2366
2120
-2966
1376
-790
1701
-670
3805
4619
301
-990
947
-4360
-1435
2019
-3088
502
3525
-3395
4883
4562
787
-541
3370
4338
3410
-3191
-662
-802
-3578
4231
-4748
-3384
-3829
-4695
-4080
1815
4864
2899
463
914
-522
-4688
1804
2183
-3015
4166
2718
4896
4123
-293
-3542
-902
-1819
3687
-3911
4148
2305
402
2006
-114
1990
512
-3763
-4986
652
386
3650
-1804
-4540
-3952
-3156
1552
496
-3485
2736
2036
2796
2383
3539
-1191
-1327
-1126
-4126
3477
-3006
3792
1964
-3193
3840
809
3415
-27
186
1586
3357
224
4061
-2646
-4452
837
-3799
-204
-4957
-1642
3181
2311
1057
-4940
3893
-377
4769
4249
131
-286
3569
-2007
3967
4721
3761
-2571
327
-3906
-1659
-169
-2721
1355
3221
-721
1036
-1939
2118
-692
-4990
2683
3553
556
-1890
3435
4462
-3476
2157
423
-2610
-4024
-4342
325
84
-4440
1233
1106
-2851
1100
-3244
-531
-47
-1752
162
1395
-2291
2362
-1499
2272
-2098
-1755
-3311
-263
4569
-4562
989
1818
-1299
-2699
3124
653
-3655
-1498
-4737
-371
1592
4981
4506
4814
-3365
1034
3988
3899
-485
-2993
1654
265
-3592
3491
-916
-1221
1391
1053
4509
4965
4219
-3917
3695
-970
4928
4205
3193
4109
-1513
1432
261
731
3812
4672
-4783
-3053
-3248
2331
-4107
-926
-465
2358
3765
-2386
-355
2005
11
2388
-4759
3550
-4701
1153
-128
3092
-3459
-1368
-4098
3225
2203
4029
4743
2319
4280
-61
-4629
-3782
2467
-467
1056
-60
-2521
-434
94
3779
-8
-184
-328
-2485
1487
-4252
661
-254
-4970
1917
2038
1600
1321
3766
-2777
-1736
-1703
-4133
-58
2885
2539
3530
4032
-1984
1677
3588
1565
427
3883
4959
-4033
-991
-4493
-267
-3523
-341
2547
-2647
-1529
951
4950
3504
1533
406
-3449
-4589
-2810
-3790
-4862
-3020
-4997
-2011
545
-45
409
-4155
-172
-2187
18
4268
330
2701
-2901
2590
-1601
4678